         422         151
  -99.0000000    
   5924000.00    
   5128642.00    

         379         231
  -99.0000000    
   570000.000    
   541500.000    

         387         243
  -99.0000000    
   840000.000    
   798000.000    

         404         285
  -99.0000000    
   1225000.00    
   1163750.00    

         288         373
  -99.0000000    
   57142556.0    
   40443868.0    

         180         380
  -99.0000000    
   19200000.0    
   13912808.0    

         189         354
  -99.0000000    
   4221000.00    
   3624028.00    

         209         388
  -99.0000000    
   4535000.00    
   4254807.00    

         224         409
  -99.0000000    
   592592.000    
   562962.375    

         125         446
  -99.0000000    
   13150000.0    
   8532682.00    

         164         450
  -99.0000000    
   2510000.00    
   1739887.38    

          88         489
  -99.0000000    
   14070000.0    
   9499287.00    

          41         409
  -99.0000000    
   10970000.0    
   7470636.00    

