         422         151
  -99.0000000    
   5924000.00    
   4236692.50    

         379         231
  -99.0000000    
   570000.000    
   514331.844    

         387         243
  -99.0000000    
   840000.000    
   798000.000    

         404         285
  -99.0000000    
   1225000.00    
   1124036.12    

         288         373
  -99.0000000    
   57142556.0    
   39665560.0    

         180         380
  -99.0000000    
   19200000.0    
   15173070.0    

         189         354
  -99.0000000    
   4221000.00    
   3735980.25    

         209         388
  -99.0000000    
   4535000.00    
   4179201.75    

         224         409
  -99.0000000    
   592592.000    
   562962.375    

         125         446
  -99.0000000    
   13150000.0    
   8771302.00    

         164         450
  -99.0000000    
   2510000.00    
   2077330.12    

          88         489
  -99.0000000    
   14070000.0    
   9047388.00    

          41         409
  -99.0000000    
   10970000.0    
   7463350.00    

